image: rand_basement.pgm
resolution: 0.050000
origin: [-8.546172, -16.369730, 0.000000]
negate: 0
occupied_thresh: 0.65
free_thresh: 0.196

